10014
10022
10068
10101
10226
10252
10263
10278
10373
10406
10409
10451
10475
10476
10533
10577
10676
10730
10787
10814
10820
10885
11020
11041
11054
11062
11111
11126
11193
11294
11328
11350
11363
11426
11481
11629
11673
11703
11845
11862
11911
11921
11958
11971
12017
12038
12065
12098
12101
12195
12199
12214
12285
12449
12472
12534
12586
12594
12604
12617
12659
12704
12710
12838
12861
12930
12997
13002
13071
13179
13231
13235
13239
13262
13366
13466
13500
13502
13568
13645
13653
13727
13849
13952
13995
14025
14037
14049
14065
14290
14304
14313
14368
14387
14489
14526
14557
14609
14613
14688
14926
14970
15019
15028
15125
15255
15289
15329
15400
15488
15552
15649
15673
15677
15684
15709
15764
15766
15775
15801
15840
15862
15878
15897
15986
16016
16060
16121
16180
16200
16364
16420
16603
16745
16754
16791
16818
16897
16916
16960
16970
17022
17154
17219
17296
17297
17317
17318
17407
17423
17476
17516
17570
17580
17590
17644
17674
17816
17850
17998
18121
18234
18268
18296
18371
18463
18482
18527
18633
18674
18756
18991
19054
19063
19240
19293
19318
19338
19539
19648
19679
19683
19685
19752
19785
19822
19827
19857
19931
19991
20001
20099
20186
20205
20310
20360
20433
20441
20459
20530
20594
20595
20893
20909
21034
21188
21376
21570
21664
21673
21699
21770
21774
21953
22020
22074
22147
22173
22198
22252
22407
22459
2246
22541
22545
2255
22554
22637
22721
22775
22846
22925
2306
23083
23147
23165
23241
23334
2347
23508
23519
23564
23624
23677
23743
23842
24089
24236
24343
24360
24374
24393
24411
24424
24520
24530
24730
24832
24948
25020
25021
25047
25075
25145
25149
25214
25275
25423
25439
25462
25488
25602
25603
25607
25610
25772
25790
25827
25842
25857
25888
25898
25951
26062
26075
26088
26163
26175
26181
26194
26220
26243
26265
2627
2628
26309
2647
26530
26553
26559
26589
26597
26625
26635
2670
26729
26739
2674
26796
26798
2687
26892
26946
26953
26968
26993
27028
2705
27145
27202
27306
27355
27369
27376
27409
27414
27475
27519
27580
27590
27595
27675
27689
27733
27761
27795
27879
27893
27931
27939
27953
27955
2800
28025
28061
28119
28125
28167
28202
28222
28266
28287
28465
28475
28581
28587
28591
28613
28644
28645
2865
28704
28810
28819
28986
29022
29057
29134
29173
29231
29245
29297
2970
29780
29944
29960
29962
30037
30048
30100
3016
30176
30185
30263
3027
30284
30289
30298
30515
30600
30680
30731
30812
30961
31047
31108
31190
31233
31283
31339
31442
31592
31729
31785
31790
31794
3181
3182
31846
31863
31973
31996
32032
32257
32434
32471
32508
32595
32609
32766
32767
32839
32849
32858
32862
32947
32954
33021
33024
33046
3306
33140
33188
33244
33288
33336
3335
33390
3350
33515
3352
33524
33589
33601
33660
33690
33766
33869
33987
3399
33998
34007
34053
34074
34081
34113
34223
34325
34398
34412
3442
34423
3446
34465
34558
3467
34683
34761
34806
34835
34844
34880
34881
34937
34974
34993
35025
35048
35098
35138
35142
35182
3533
35397
35465
35492
35632
35692
3570
35720
3574
35810
35918
35988
36034
36056
36265
36346
3635
36360
36398
36440
36446
36478
36507
3665
36933
36977
37054
37074
3710
37132
37581
37598
37626
37638
3771
37722
37780
37996
38182
38221
38237
38240
38324
38380
38397
38483
3862
38656
38722
3889
38940
38955
39118
39127
39184
39284
39302
39396
39448
39549
39612
39632
39635
39723
39753
39781
39821
39834
39858
3989
39893
40008
40011
40119
4013
40196
4032
40404
40455
40473
40535
40640
40688
40754
4079
40927
40960
41260
41262
41332
4138
4153
41739
41770
42146
4215
42213
42276
42560
42628
42660
42841
42846
42875
43154
4327
43300
43457
43467
43493
43496
43500
43513
4358
43582
43631
43633
43735
43740
43753
43802
43978
44007
44010
4411
44210
44221
44231
44377
44443
4445
44596
4461
44656
44690
4476
44766
4477
44811
4485
44852
44927
44965
4498
44990
45001
45084
45100
45108
45177
45212
45234
4551
4555
45645
45698
45742
45795
45829
45861
45960
45963
45981
45995
46016
46052
46082
46134
46153
46184
46203
4627
46278
46300
46407
46448
46468
46477
46479
46515
46565
46608
4670
46712
46737
46879
4689
46893
46936
46946
46947
46991
47000
47018
47022
47045
47077
47092
47135
47172
47239
47252
47265
47501
47512
47536
47589
47610
4775
4810
48125
48209
48235
48320
48343
48384
48405
48484
48523
48532
48551
48585
48725
48778
48789
4879
48825
48892
48902
49010
49166
49488
49494
49502
49597
49623
49669
49670
49697
49714
49755
49817
4983
49837
49847
49920
49938
49940
49990
50165
50303
50324
50481
5050
50505
50515
5052
5062
50822
5090
50943
51143
51150
51160
5122
51395
51444
51476
5151
51621
51622
51689
51692
51701
51777
51883
52064
52128
52346
52348
52354
52412
52414
5265
52823
52871
53131
53303
53314
53372
53416
53429
53498
53534
53590
5361
53621
53622
5363
53744
5377
53822
53873
53875
5400
5407
5409
54155
54302
54311
5443
54489
54513
54520
54525
54537
54618
54625
54661
54834
5488
54897
5493
55037
55051
55058
55074
55086
55170
55173
55425
55438
55490
55523
55551
55595
5560
55630
55783
55801
5585
55887
56029
56041
56094
56116
56136
56194
56255
56376
56444
56455
56540
56571
56584
56640
56818
56863
5694
57013
57065
57100
57108
57109
57151
57166
57185
57208
5721
57211
57256
57344
57399
57442
57458
57508
57514
57575
57578
57625
5766
57685
57755
57768
57916
57947
5797
58004
58035
58071
58121
58222
58249
58262
58266
5841
58494
58495
58539
58638
58680
58725
58926
5907
59073
59098
59145
59167
59219
59237
59282
59457
59498
59571
59614
59616
59636
59654
59662
59673
59694
59755
5982
59876
59912
6003
6091
6125
6139
6152
6159
6208
6212
6275
6308
6310
6368
6387
6399
6407
6456
6458
6462
6587
6653
6657
6740
6777
6786
6821
6931
6991
7008
7072
7134
7155
7169
7185
7193
7220
7291
7341
7508
7512
7589
7593
7597
7666
7730
7772
7784
7870
7925
8017
8068
8132
8207
8290
8317
8332
8357
8463
8476
8662
8669
8688
8731
8795
8853
8865
8935
8962
8977
8998
9013
9049
9064
9078
9085
9093
9103
9337
9386
9500
9523
9545
9555
9578
9597
9648
9651
9675
9770
9836
9841
9970
9980
