20099
42841
22198
34835
7193
3533
26163
57100
27879
43500
2627
33021
46278
36933
26993
42846
43735
10406
23624
31785
11971
7169
48320
9651
59636
49837
5265
34007
47501
30037
20893
57109
12199
52823
29780
48585
32767
12704
5050
44377
55037
19318
14037
59457
55438
20205
36360
34053
11126
37074
12101
5493
40119
59662
7134
20001
2674
29944
45234
28061
57508
24832
59654
45001
26553
2687
23677
36507
27475
32508
59237
21188
57108
3399
16960
45861
10409
48789
41260
46879
34465
13849
32766
26968
3352
26530
56029
39184
49697
2628
56640
21376
53590
14065
43154
48125
6275
47536
56444
42276
23241
57768
49494
50324
25145
51692
7730
53131
53303
55490
4327
18296
21770
35142
39549
11111
58926
48343
9064
27028
7593
46016
8977
26597
48523
52871
22554
4775
54520
3306
42213
39781
38237
6821
53822
11294
35465
47045
5721
33766
25603
22846
3889
13366
26075
24948
26088
38380
13995
35692
27733
55783
20186
6159
58262
6991
48209
57685
22074
12285
5585
12017
23334
46565
22020
57625
44656
58494
6931
47018
58004
14313
44007
35632
40008
16016
25462
53416
12214
58035
48405
53429
27590
4461
9970
2306
29297
25439
14970
37598
23508
13500
57442
58638
49920
24520
17154
6399
27369
31233
46153
11062
34325
9545
29231
28125
8463
15400
11054
14526
25857
38182
54834
9770
25602
16420
8669
51777
26625
23165
56136
54661
5122
53622
6308
59571
28986
41770
29057
35098
23564
3446
7220
55173
27761
17590
51143
4032
32849
40455
12472
27795
58495
7008
33515
34398
32434
6740
17317
20595
7666
43457
44811
30731
4445
51150
36056
33524
33140
32862
14557
16200
11673
17570
4670
51701
56584
22637
47092
10533
23147
32032
35025
4411
5361
9103
45963
41739
34558
47265
10730
25047
25275
46515
43631
25423
36034
35810
11629
15289
57458
2347
42146
25888
24730
55595
39612
13179
19685
35048
17318
32609
58222
43493
4215
20909
43467
31047
25827
28704
47239
36265
44221
6777
23743
12838
40688
54618
6587
5766
15673
20594
33987
19240
22459
21673
51160
44210
4879
8688
48825
18756
11845
25842
57208
11041
19822
25610
19648
46184
32839
56540
8476
2970
34937
49597
19683
39284
55551
16060
26265
47252
3635
16897
56571
22252
13727
37780
19679
58249
28591
9337
46468
16916
7925
5488
31996
34880
7589
49847
13231
5443
19539
35397
15764
7784
40754
56255
10820
56863
45645
51621
56094
49623
39302
53372
3771
22775
14025
57514
8731
28613
20441
10476
29960
17297
51476
14049
49670
57578
28475
26729
11193
59876
22721
6091
30680
21953
5841
31790
40535
11363
13262
58539
44965
49010
59282
57916
4358
9675
13239
30289
25790
43582
50505
57344
33601
22541
34844
30048
55887
34423
8962
10226
10014
4555
9078
57185
9085
4138
13653
16745
3574
6462
10022
8998
14688
37638
34881
6657
45829
9049
13002
55425
34412
13466
7341
22147
38240
44990
31339
43513
33690
4153
46608
15709
59614
45084
51689
9013
48902
53744
24424
6407
47512
49488
31592
12710
3181
17296
59073
28222
8132
52414
57166
59498
27675
35182
50515
24236
54525
35720
55058
26798
11328
28266
38656
17219
47135
6212
37626
46477
43753
26559
48384
11921
46448
30263
2670
33244
26796
15329
12930
44927
50943
35988
55051
10451
54513
17674
5694
30600
17022
15775
3335
31973
45698
46479
20459
33288
32954
48725
12997
58725
19785
5062
46082
54311
42628
18234
55801
14290
9836
26194
57755
8317
39723
14609
17423
3350
27414
41262
25149
10068
7155
48778
13645
57151
27689
9093
11911
16754
43300
21774
15125
58121
36398
12594
2647
25772
52412
17644
53534
17476
21570
7597
18268
31729
57399
18633
56041
16791
39118
55630
33046
29173
26309
40927
17816
59694
30298
39127
26953
26739
34806
28465
13071
5409
7508
4983
23842
42875
5052
35918
12534
10263
15986
28202
18463
59098
32595
5400
23083
16364
5090
56818
10252
20433
33024
49669
2246
5407
12195
30185
39834
19857
30515
33390
19054
4498
27931
30176
3027
52354
44231
16818
20310
38324
14926
37996
21699
21664
42560
56194
48892
46134
49940
55523
8290
18527
53875
18371
9980
45742
44690
3016
34974
27953
36446
7072
25607
9578
15862
38722
47610
32471
26243
35492
18121
48235
6368
39858
8662
39632
39893
10373
24374
13502
45981
39635
58266
28581
57211
5377
40404
37132
47077
21034
59912
27595
8853
46300
10787
27939
53873
31863
19063
8068
53621
54897
49714
46936
6139
55170
27306
26220
3442
33998
13568
9523
15801
47022
10577
8865
12449
19293
9386
11862
44852
45177
2705
27355
17998
8207
28587
33336
34113
38940
12617
15897
27955
13952
5982
57013
36440
46737
24343
6152
59145
46991
7870
36478
15255
14387
25898
28119
12604
24530
46712
29022
59167
3862
45960
46947
50822
25075
4627
9597
19827
27519
53498
8017
33589
9555
17516
26635
37581
20360
6387
27145
12659
4689
15488
47000
54625
3467
40473
44443
52348
15649
4810
39448
4013
5797
4477
31846
43802
6786
25021
57065
41332
31283
37722
45108
33188
5907
32257
56376
43496
49990
5560
45795
51395
17580
39821
52346
25214
11426
16603
43633
27376
34761
26062
12065
54489
49938
52128
50481
30100
31442
20530
12861
4079
49755
26892
58071
38955
56116
7291
24360
22407
15840
14368
5363
5151
24393
15878
48484
45995
12098
38397
46946
23519
49502
49166
25488
29245
12038
14304
11020
18991
44010
32858
6310
30961
15028
3665
6125
10101
25020
57256
59755
34993
9500
15677
11481
4476
40011
28167
58680
15019
15684
4485
27580
40640
45100
11958
34223
18674
8795
16970
19752
22173
43978
46052
16180
28644
24089
40960
29134
26181
11703
3989
2255
19338
31794
53314
26175
7185
25951
46893
48551
17407
3710
51444
46407
19931
7512
57575
49817
59616
51883
39753
26589
59219
10676
37054
51622
19991
15552
13235
6458
34074
6003
59673
33869
9841
42660
10475
54537
28287
14489
6456
55086
14613
8332
10278
39396
9648
54302
56455
34683
24411
33660
30812
35138
2865
27409
10885
28025
31108
28819
18482
11350
3182
40196
28810
17850
27893
28645
50303
8935
47172
26946
2800
47589
10814
43740
50165
22545
12586
52064
54155
48532
38221
8357
22925
38483
4551
29962
44596
45212
16121
55074
27202
32947
36977
15766
34081
3570
44766
36346
46203
7772
57947
6208
30284
31190
6653
